1.275447118120665024e-02 -1.596454009901585591e+00
1.284815103321124141e-02 -1.650394010595210403e+00
3.399663708088640490e-02 -1.639407477774696531e+00
4.986288004215966296e-02 -1.503586639855285068e+00
1.293620947486084916e-01 -1.365448194521151848e+00
1.326900519130913558e-01 -1.546733493470953347e+00
2.816914100961631640e-01 -1.229645022489793016e+00
2.991931715325724106e-01 -1.057789220087675730e+00
3.516016673931798842e-01 -9.898239539135060827e-01
3.697417673113978509e-01 -8.650268323439850304e-01
4.893207945922961599e-01 -7.628318935277265123e-01
5.540618784374307104e-01 -3.924357761209462669e-01
5.700770232380514280e-01 -5.308369727971591345e-01
5.814487443411842094e-01 -5.456409088354745585e-01
6.039940966542389766e-01 -5.322746349818769929e-01
7.348200783522029766e-01 -3.799383053555524525e-01
8.507342783540061681e-01 2.997534304796324323e-01
9.008538611884864267e-01 1.206406340379643227e-01
9.195818697151358911e-01 2.633236133534416767e-01
9.350352640072290278e-01 2.303670413181371224e-01
1.070015909462527226e+00 5.683611220458550939e-01
1.099843597173182363e+00 7.116757954834388444e-01
1.123210026694032582e+00 6.845539972643412963e-01
1.189253052746663819e+00 8.056011663387283583e-01
1.222477612825927373e+00 9.069717046549403694e-01
1.298394522305139631e+00 9.760560596738339090e-01
1.554533276487390925e+00 1.246130240707441494e+00
1.558933243484066367e+00 1.297319968496758236e+00
1.564863613494347216e+00 1.364490510739972517e+00
1.661308511614829619e+00 1.567009312174955316e+00
1.677064554962237608e+00 1.415325429886119757e+00
1.736804064347523546e+00 1.736953924127077720e+00
1.881300239379664063e+00 1.677871856146245344e+00
1.924587028052524573e+00 1.863092671396858080e+00
2.191900463331892812e+00 1.695894275274130836e+00
2.198958382949076640e+00 1.609207337192467779e+00
2.205235509186798115e+00 1.586556123878233304e+00
2.353332795537299571e+00 1.598419204629475399e+00
2.376405649729278480e+00 1.463917733378351516e+00
2.420458154265066053e+00 1.368358617459147109e+00
2.455662555510138567e+00 1.386694826215814746e+00
2.483333454865253032e+00 1.419078992576300546e+00
2.533976830220916465e+00 1.330004300064251410e+00
2.538041106618180720e+00 1.349654130608496150e+00
2.643723030968740950e+00 1.113430799382103764e+00
2.715567975748303109e+00 1.095628176383221408e+00
2.721239967102153656e+00 1.288267461370447009e+00
2.786361850989793609e+00 9.305167757409398277e-01
2.803054814418441953e+00 1.019207422795137319e+00
2.803550823879477072e+00 1.006511769094775577e+00
2.821885665923351549e+00 9.163868272259889647e-01
2.892759882655921988e+00 8.594816013239916508e-01
3.048598468908414461e+00 7.411975325835759021e-01
3.049492975755454527e+00 4.296277841302429401e-01
3.063024017950186639e+00 6.069788074133211087e-01
3.108639542700004643e+00 6.909543660425903067e-01
3.122143319610588552e+00 4.587665677338350623e-01
3.152583392065062551e+00 2.040665826938876659e-01
3.230876914797935484e+00 3.384557665937698578e-01
3.325325680438844245e+00 4.295834573553697355e-02
3.337977894073558272e+00 6.778683686303382805e-02
3.356222417850858175e+00 1.391601494386546234e-01
3.358565068632530792e+00 3.156193801362575657e-01
3.535465738343908093e+00 -1.905217619691448871e-01
3.568572986710041306e+00 -3.542284272394992106e-01
3.569305220138592194e+00 -2.199391774077655293e-01
3.573000113156385993e+00 -2.380414045738809548e-01
3.702251883104401564e+00 -2.324307241176305494e-01
3.705145312723976403e+00 -5.426915494308179877e-01
3.923577465421415056e+00 -5.495758426668103658e-01
3.934962560124175557e+00 -4.307779926158830652e-01
3.952267859208116185e+00 -6.119581329470311637e-01
4.071783460839859536e+00 -5.932654587735035623e-01
4.085783052538582538e+00 -5.807763187565484486e-01
4.093508600997024516e+00 -6.629305407209791223e-01
4.179907663439181853e+00 -5.220566132477834076e-01
4.204688314712341501e+00 -6.552856147353374183e-01
4.225752427719406512e+00 -8.438300902376054680e-01
4.255377010315659625e+00 -7.152252954004829633e-01
4.321427219362337091e+00 -7.560704031955409743e-01
4.364649534362719407e+00 -7.639177325346520053e-01
4.520674384983845329e+00 -4.483483146323919422e-01
4.580634294903975778e+00 -4.702437609448191225e-01
4.620819134006872275e+00 -6.650761602124191096e-01
4.684244521725791088e+00 -4.949098713183126552e-01
4.691817061619421025e+00 -2.675714287955023862e-01
4.698627428825627561e+00 -3.691777986068034423e-01
4.710402252039671112e+00 -4.517887637247315347e-01
4.725137421384610903e+00 -3.677315335184517808e-01
4.774080115734069096e+00 -1.153573992614249644e-01
4.878160794253163957e+00 -1.618074081128865749e-01
4.904858266972398795e+00 -1.999197315535981012e-01
4.911473641631656228e+00 -6.786007395466814307e-02
5.010921170771611699e+00 -1.519065051072993056e-01
5.022271874171673645e+00 -1.505235153293689732e-01
5.119260397499840742e+00 8.444004670788268774e-02
5.133825360572874530e+00 -7.201500642078828562e-02
5.191236879278040561e+00 1.537999760581453268e-01
5.294729640572031215e+00 2.412628610362044235e-01
5.320673677686878378e+00 4.099774422162860699e-01
5.325848679973579358e+00 5.719510898079767092e-01
5.332908471690505081e+00 5.988771709511681030e-01
5.345991879364353494e+00 6.250082847692440824e-01
5.385191730021057666e+00 5.282074963788653266e-01
5.412699730600138537e+00 6.307365223574787905e-01
5.443252537606053210e+00 6.553477559260578733e-01
5.493361493833475606e+00 7.969688449354128679e-01
5.498322740251541774e+00 6.570950230598049391e-01
5.594519708947116143e+00 9.386948546254949566e-01
5.672741300326419989e+00 1.033772059255318787e+00
5.679751051267976081e+00 1.078737389763748666e+00
5.750805793958737588e+00 1.235662337421355783e+00
5.868022883726588645e+00 1.550489815144341366e+00
5.876089089223873074e+00 1.218041396803295484e+00
5.917649704934728305e+00 1.310426525385696372e+00
5.926165782527236914e+00 1.413375571588927793e+00
6.009920036342775163e+00 1.635194631522957742e+00
6.187915384717164180e+00 1.832602318403865116e+00
6.331000292292321419e+00 2.063311131958490918e+00
6.339340397602970967e+00 1.966321468752773249e+00
6.343531892122989291e+00 1.874228199531764449e+00
6.370940037000252687e+00 2.094752376610191646e+00
6.464227859404014787e+00 2.151867881501694058e+00
6.604997191306183346e+00 2.372933214066274665e+00
6.609512096357549993e+00 2.267190830728882389e+00
6.645460349095497321e+00 2.527805323745910826e+00
6.699078695315674459e+00 2.322429692326362538e+00
6.785539062823595202e+00 2.633204650268316183e+00
6.890476759942139040e+00 2.611138309527368584e+00
6.935523989517371035e+00 2.481428808957605980e+00
6.953394497192095791e+00 2.548875405621325640e+00
6.983474447090398662e+00 2.547151121921070960e+00
6.992357647708205448e+00 2.649153659328468358e+00
6.998906036227388050e+00 2.602468568308513142e+00
7.007660517544858081e+00 2.694213428505887187e+00
7.012938787365168736e+00 2.694836642191184239e+00
7.034726758805021518e+00 2.411230177669250629e+00
7.040476285513839194e+00 2.506222793841931917e+00
7.042202762290483697e+00 2.739889783508080878e+00
7.048215660271739402e+00 2.714117565214990702e+00
7.168851494790981604e+00 2.817889667805708598e+00
7.240435500699868854e+00 2.906372137222104968e+00
7.257865259163396310e+00 2.706933201831388303e+00
7.351594873161904076e+00 2.747375120597967957e+00
7.367813256304682312e+00 2.721694842346641163e+00
7.371501308276727116e+00 2.606964142011508834e+00
7.393227148335301813e+00 2.680188643446296481e+00
7.420541223193728442e+00 2.962623868690623663e+00
7.535779251836423498e+00 2.826454862129149426e+00
7.544400710762328544e+00 2.723921778351409806e+00
7.580925347434554595e+00 2.843803848571369031e+00
7.593906213885277978e+00 2.731664659995900912e+00
7.620260547798785034e+00 2.693472839487191184e+00
7.650974219374475638e+00 2.697603414901633911e+00
7.680869939727720919e+00 2.729641556569268879e+00
7.772150523584508974e+00 2.681978261048672874e+00
7.842101027984278439e+00 2.911001113574494426e+00
7.934941017662104912e+00 2.579606636304800027e+00
7.960886765263117226e+00 2.664632149969346386e+00
8.051822181255909427e+00 2.526175067099761584e+00
8.179134649018131142e+00 2.565930021401996441e+00
8.195456404827405450e+00 2.656954508744641785e+00
8.226140173549351786e+00 2.251063560964964516e+00
8.234999765984586162e+00 2.429526773195216371e+00
8.254792288774767783e+00 2.182294078974286400e+00
8.261339839960156084e+00 2.359074938908300112e+00
8.268383003410731291e+00 2.489338617228915584e+00
8.341914476699582082e+00 2.487255925120754441e+00
8.343065315887667310e+00 2.334867856066371594e+00
8.367246442539244100e+00 2.283265120584320407e+00
8.514629677166494659e+00 2.392233394774116562e+00
8.534560901968774260e+00 2.422264762471306732e+00
8.549990246836664198e+00 2.382816109976637620e+00
8.590799235076524099e+00 2.368769395703849590e+00
8.644007956859988795e+00 2.225619230532573489e+00
8.648674448237471779e+00 2.310437785209139783e+00
8.736204231463455372e+00 2.349307760372612464e+00
8.871074120468893653e+00 2.101419064407514359e+00
8.884640854387539477e+00 1.982619314459561188e+00
8.895872374485930933e+00 2.024397352491659419e+00
8.917031305396353247e+00 1.982604904630854481e+00
8.951757444903865490e+00 1.913098811330081084e+00
9.023233482259245264e+00 1.777677959126124696e+00
9.036236057929690091e+00 1.899567024644629232e+00
9.112055828610811758e+00 1.807352647015045832e+00
9.156480031971378608e+00 1.810339759159867334e+00
9.187048497668591551e+00 1.662971019691383168e+00
9.310935395381926938e+00 1.446223854529737007e+00
9.387732801210411537e+00 1.428990824095148104e+00
9.448908161028528596e+00 1.463266360712671466e+00
9.484507112839832388e+00 1.304087860454067549e+00
9.509880213634190227e+00 1.256260806287827325e+00
9.536463969967737597e+00 1.155144524872552481e+00
9.609530823163707325e+00 1.025053520885823577e+00
9.621410604031305880e+00 1.170954211467520212e+00
9.630592526159878375e+00 1.009904875589821449e+00
9.644772081124441954e+00 1.224265109169000665e+00
9.674792606836453146e+00 1.216380124640434435e+00
9.766544367920708680e+00 1.041636024707397246e+00
9.795949507625604014e+00 7.197246974941766684e-01
