1.085835760983067111e-01 -1.592681659123104776e+00
3.315872899645055938e-01 -1.357806225027743396e+00
4.261243756323174203e-01 -1.351215648090599242e+00
4.394558003720594463e-01 -1.182846736512072727e+00
5.111657145918835354e-01 -1.079273078157046983e+00
5.118901199241232547e-01 -1.087462162095856222e+00
5.271344625288221231e-01 -9.737222016983746453e-01
5.885713915428647525e-01 -7.838563557284504713e-01
6.335467063848465585e-01 -1.043667720956090728e+00
6.630383733435940563e-01 -7.456394936389550976e-01
6.638284632687097009e-01 -8.964572649464914722e-01
6.778453027460296099e-01 -7.142966264047173608e-01
6.800350556174006300e-01 -8.398980494674666009e-01
6.942793185988782589e-01 -9.072048555698546402e-01
8.287274332542793331e-01 -6.185036155929317658e-01
1.036823748452126992e+00 -7.296924772091006872e-02
1.049428985869795827e+00 -3.567372204909213806e-01
1.145084169501278115e+00 6.718582839631714876e-02
1.197985449080842812e+00 9.767896256285202305e-02
1.215549098671975248e+00 8.219424659811269684e-02
1.278026641854934642e+00 2.665029835473560205e-01
1.506274481956646483e+00 5.115044983352041719e-01
1.651215781839063812e+00 8.631303113879649214e-01
1.659875596890152405e+00 6.313861993300127207e-01
1.736783194688729104e+00 1.056981742792590051e+00
1.789865135391304207e+00 1.051965860855605950e+00
1.834633229193458615e+00 1.248756474549593598e+00
1.835231994119599364e+00 1.005685258705436347e+00
1.871118670845286491e+00 1.041492952165433472e+00
1.930650928566002289e+00 1.296965744408469456e+00
1.935450732010406405e+00 1.137434797420390886e+00
1.974160379941527488e+00 1.166898723051899900e+00
1.993158401738932550e+00 1.346292817202928038e+00
2.051390431224471289e+00 1.336799292040243614e+00
2.148737714606185900e+00 1.462746155295138628e+00
2.149039388264704087e+00 1.537476988228023478e+00
2.164834041941912091e+00 1.739313644559356442e+00
2.216602324580931871e+00 1.768206054271961314e+00
2.217099652802347887e+00 1.669751775675433869e+00
2.307083777213925213e+00 1.563910465314106268e+00
2.323094600078927652e+00 1.795969831050658216e+00
2.324726386235724807e+00 1.897471759848647022e+00
2.341198047133041804e+00 1.771174199772963753e+00
2.377172674913712314e+00 1.789775967480672803e+00
2.466799792448941542e+00 1.903202348468702176e+00
2.519873041985654094e+00 1.832244921973086083e+00
2.651931506802469585e+00 2.107119008352622114e+00
2.683278718719674938e+00 1.966124598805906842e+00
2.716472646364151977e+00 2.174456294950423363e+00
2.846663709596868319e+00 2.052710877992802718e+00
2.943205529098877893e+00 2.086072679762882132e+00
2.954047960090810943e+00 2.019924324071172617e+00
3.056297470241400305e+00 2.145801083507157703e+00
3.234520296639225023e+00 1.991118800709815950e+00
3.250633398928155504e+00 2.096977359212501391e+00
3.355069640918391105e+00 1.977359018433600291e+00
3.485040968509254267e+00 1.869536760468962111e+00
3.544714146949994316e+00 1.905429567905762456e+00
3.676673836818127317e+00 1.890364355460139922e+00
3.801220430331675448e+00 1.671566496317115069e+00
3.927669954797254892e+00 1.641429589459429739e+00
3.940788210502039757e+00 1.702546139020489235e+00
3.945514922241095679e+00 1.833771174575672624e+00
3.979323318923324582e+00 1.790887656372871284e+00
4.007151829283115418e+00 1.697742436766106700e+00
4.117625317699964427e+00 1.769948534353047442e+00
4.133290111552687662e+00 1.628617104251623982e+00
4.173454300137211526e+00 1.654737024513048826e+00
4.247000609502460833e+00 1.898015701079474704e+00
4.266505619322360943e+00 1.701823548369697958e+00
4.272828659371534776e+00 1.595156939882641955e+00
4.286686308246585142e+00 1.707407635467358631e+00
4.316106232780427376e+00 1.668270758985657354e+00
4.349011332113499328e+00 1.785601008920495669e+00
4.384864194153516692e+00 1.676261746787198748e+00
4.426656149018597830e+00 1.695220784468716824e+00
4.444105871538961416e+00 1.619562255961589425e+00
4.482342462773692304e+00 1.561754021673472215e+00
4.482874738806350123e+00 1.864345684605886566e+00
4.512853274620225008e+00 1.601978424402007217e+00
4.534928384425365167e+00 1.467685112985869678e+00
4.537347820258683662e+00 1.671935206515859029e+00
4.574017056249970459e+00 1.919446120849518600e+00
4.590863258868525421e+00 1.778868825922604202e+00
4.593342969135232323e+00 1.656645289508925423e+00
4.628757203771495909e+00 1.664784942622220099e+00
4.641479186304566795e+00 1.751130752552750192e+00
4.657882964032715734e+00 1.503629086780150725e+00
4.668084673076615232e+00 1.557481786106342359e+00
4.689401880965961666e+00 1.656174606924928572e+00
4.739834138167000610e+00 1.703534530418159498e+00
4.744195540683781687e+00 1.782048230175262260e+00
4.750674480672916644e+00 1.696055672990929075e+00
4.755881246147868779e+00 1.663012665576651061e+00
4.760501044525615733e+00 1.649158970881878350e+00
4.760887790644070527e+00 1.814677563632155710e+00
4.767842095363903354e+00 1.555912681012162180e+00
4.822094582199827784e+00 1.722652087415319500e+00
4.828355983409204910e+00 1.671807824108584972e+00
4.879742007857745811e+00 1.740526547818797454e+00
4.898491356491394555e+00 1.733026886084713780e+00
4.949782624549785126e+00 1.789931068284905002e+00
4.997083545167648744e+00 1.663235565067557431e+00
5.053479328318355002e+00 1.820381077278522275e+00
5.111141809880461295e+00 1.816438386279659589e+00
5.113107511227235058e+00 1.808490286546268866e+00
5.249323120926272068e+00 1.832794888811804634e+00
5.349172015801714863e+00 1.841009645153949048e+00
5.430768685790974715e+00 2.039940771517188001e+00
5.449509852812115085e+00 1.973250775544832747e+00
5.451511303574325673e+00 1.892797072755314280e+00
5.490767669856452926e+00 1.973563500975610951e+00
5.508885231064242660e+00 2.098877443959990430e+00
5.685653047011092198e+00 2.188978901927018494e+00
5.695887099661300468e+00 2.267188177403535843e+00
5.718948178568794560e+00 2.159035958956395884e+00
5.781013131360728252e+00 2.351960778042629041e+00
5.918798161086966658e+00 2.219226635452363094e+00
5.922801100926166740e+00 2.266049150014560976e+00
5.927149698016331847e+00 2.330903994733634299e+00
5.947702442085365249e+00 2.429093391768266219e+00
6.002342216297568811e+00 2.338698863621801127e+00
6.087366203004094700e+00 2.211624741500276770e+00
6.153745342849177291e+00 2.387841096843205779e+00
6.209044246247740872e+00 2.406950736144534364e+00
6.234640680980412242e+00 2.545092011959566136e+00
6.277437249807249486e+00 2.330545583943396615e+00
6.334206769447172647e+00 2.454140882947892344e+00
6.385469540077972184e+00 2.287929390066668844e+00
6.394530304737664039e+00 2.592669108879243733e+00
6.493521138140375015e+00 2.363697333589619198e+00
6.521943175741733434e+00 2.363945736562707012e+00
6.570933319743110346e+00 2.366883712870967216e+00
6.588809626314797718e+00 2.453439742483996877e+00
6.596782882118061409e+00 2.291574703355372833e+00
6.645397121255061101e+00 2.360102962212478950e+00
6.653821751409312313e+00 2.330573522028990041e+00
6.702711393239186854e+00 2.289136067307832256e+00
6.738076333151827413e+00 2.232804685829512525e+00
6.808675131920491452e+00 2.194184019810076158e+00
6.917287209938667303e+00 2.357982379316091670e+00
6.963964381562323780e+00 2.195361578296600946e+00
6.998325358949855080e+00 2.170848571579700348e+00
7.060222332624359609e+00 2.030427536213276429e+00
7.079650258629723858e+00 2.071745571484830517e+00
7.111861131939953395e+00 1.935390198996152389e+00
7.230874736631345279e+00 1.847041540783982194e+00
7.261960463666365939e+00 1.730062899405059529e+00
7.335339849354037156e+00 1.590193456106705927e+00
7.385715112294299445e+00 1.756306601238401655e+00
7.461033026175183380e+00 1.799213521839436059e+00
7.477354705560321335e+00 1.514005514760224713e+00
7.533650763930945793e+00 1.572163955810231384e+00
7.539515418000164004e+00 1.691261003688394826e+00
7.559122690510924336e+00 1.783846069504497756e+00
7.582520236079077769e+00 1.606178198748802410e+00
7.682300861592212371e+00 1.470421549261388128e+00
7.708613132299371173e+00 1.559387423688253005e+00
7.787804493230082059e+00 1.529213411761121577e+00
7.793000109094874617e+00 1.310136532864310643e+00
7.798857225262800341e+00 1.214724524488446367e+00
7.839365036621899208e+00 1.390779597204101270e+00
7.866589371962733779e+00 1.226775408589029448e+00
7.868425909285024389e+00 1.389661572105634457e+00
7.876635913290988000e+00 1.497927056262835510e+00
7.902078524247588831e+00 1.317993848627353470e+00
7.990011462219587912e+00 1.134765541169966863e+00
8.079796546612953989e+00 1.198158203527743160e+00
8.094100611990793226e+00 1.048750704564897163e+00
8.133198294925268357e+00 1.101842927330947575e+00
8.218498960226376937e+00 1.144219280914342773e+00
8.367689563859881829e+00 1.106100375931613033e+00
8.494490026411318340e+00 1.038313010286010085e+00
8.499980205651178622e+00 1.145482656315222281e+00
8.692386177098148536e+00 1.211887801814680365e+00
8.778790796446955369e+00 1.317238790351594968e+00
8.817680107632991593e+00 1.104706535890439767e+00
8.851607027484138968e+00 1.344527082599845436e+00
8.900728386848992812e+00 1.459686493280675457e+00
9.011016420176094499e+00 1.200416905758942887e+00
9.047212388894742219e+00 1.298965891756826085e+00
9.164502705687631590e+00 1.517268962831554546e+00
9.230082202994671192e+00 1.530135720794154164e+00
9.257728508853189098e+00 1.383424892887358038e+00
9.270647469100183002e+00 1.663915927276719664e+00
9.292830166763865307e+00 1.712645260451988616e+00
9.317852193721593679e+00 1.571459344182402962e+00
9.409583214951599217e+00 1.484317357094997014e+00
9.425157604465788097e+00 1.533868087941115288e+00
9.444449426391678060e+00 1.656392201073033199e+00
9.535553388008544573e+00 1.680069796586494579e+00
9.623086358997976930e+00 1.756299486031199564e+00
9.728453485516428856e+00 1.561585887677115148e+00
9.784055704107949225e+00 1.681534064627152603e+00
9.786260331319683203e+00 1.700703034452482942e+00
9.803789237735953677e+00 1.537231723848246467e+00
9.831065420065369764e+00 1.680785504069157943e+00
9.885753963221704410e+00 1.714215921995807079e+00
9.962034386446887879e+00 1.573847118451908944e+00
9.980067562949201943e+00 1.640643244068490381e+00
