1.627197144712000387e-01 1.131215420710769859e+00
1.673911759666113497e-01 1.010696424367581781e+00
2.332633288709118347e-01 8.806364220465450199e-01
2.663501885429675475e-01 7.851320992009467314e-01
3.171376992284069551e-01 5.988985655922137719e-01
3.721837852222864562e-01 8.100181651335767175e-01
4.310619765374679169e-01 5.358751847754182895e-01
4.565040820219645745e-01 6.481434115988776723e-01
4.612258603831076442e-01 6.780730582941407736e-01
5.109957494174910408e-01 5.564734066464221973e-01
7.091531010192997364e-01 2.012949731722404878e-01
7.371019575137793822e-01 2.983947001553024503e-01
7.841329602101376750e-01 4.193724461252805735e-01
8.218240261111642297e-01 4.199718388102454680e-01
8.586782256546454661e-01 3.232254257765257432e-01
8.617113664276399021e-01 2.866207470112480671e-01
8.889667164957115730e-01 9.705003330063072253e-02
8.998779499711639929e-01 3.319419362795915651e-01
9.270866885341688679e-01 3.183834943808220297e-01
1.005853413395831897e+00 2.384631436086644407e-01
1.019723545190538427e+00 3.966982190068898961e-01
1.169917063350798259e+00 1.800244585396706398e-01
1.173718048472809361e+00 2.254045429758991803e-01
1.186933004572685579e+00 8.418136522367147823e-02
1.287556013077297834e+00 1.060488592396202634e-01
1.299901612444833710e+00 1.099404010166582513e-01
1.356032477728759122e+00 2.039465763211708582e-01
1.451003800284249579e+00 3.358315959916436944e-01
1.469084144435814920e+00 2.811059367898092187e-01
1.508357670653892590e+00 1.211658421716411693e-01
1.554362757351988034e+00 1.088402274509350232e-01
1.631073944990104607e+00 1.913168839160049872e-01
1.646505374196001181e+00 2.219664920590530555e-01
1.664354422773837161e+00 1.909564537895065417e-01
1.727456760268510916e+00 2.880813068686578493e-01
1.730617932729876518e+00 2.447656690922751510e-01
1.786381228795743681e+00 2.878262048823835295e-01
1.802667883624553546e+00 3.370782871190758367e-01
1.818693048146848845e+00 1.673274428547512072e-01
1.821547019852642890e+00 3.558441883051277621e-01
1.826516307102277192e+00 1.779240128892943806e-01
1.863331022134115944e+00 3.557807234011821640e-01
1.867669440397101699e+00 2.378010107094032932e-01
1.895397445866109365e+00 2.941600656399405711e-01
1.943468071220055826e+00 4.131956493056426760e-01
1.951977047477766458e+00 4.091890028505140720e-01
1.957528033594393424e+00 2.797342943431321283e-01
1.992973105453770266e+00 5.997208545305310334e-01
1.996637657377227093e+00 1.134768856591544806e-01
2.095835839274560186e+00 4.426419355218658147e-01
2.124201682084052578e+00 2.437693584955614723e-01
2.157101556306477708e+00 3.155386954505999819e-01
2.321546004573287192e+00 4.636960934468403739e-01
2.404476161429003334e+00 3.074032528734640390e-01
2.445212379866819052e+00 3.826365950541130712e-01
2.500699234427992135e+00 3.173008023906574993e-01
2.617907357725688389e+00 2.745135560287346177e-01
2.648065709449962668e+00 5.160180971845943487e-01
2.682455658661679898e+00 4.929030783160551765e-01
2.702984303735140870e+00 5.518888721448447221e-01
2.705779416380762470e+00 4.888859561709251178e-01
2.776244024848517622e+00 3.359381400766621173e-01
2.801584672487693606e+00 3.865597223271550753e-01
2.805134974112779567e+00 4.106855316350853657e-01
2.858118749342075660e+00 4.243933957676684354e-01
2.900666398934050871e+00 3.510606353648061395e-01
2.988391838055490801e+00 4.233137210434814168e-01
3.003097454786964882e+00 4.037340815690615425e-01
3.006257800819518433e+00 3.908425465547615829e-01
3.079950089378165057e+00 3.900941364738197414e-01
3.143976961802505965e+00 4.153615549901179538e-01
3.201051981202973629e+00 3.724132446630414872e-01
3.282665356912419785e+00 4.930371588474766753e-01
3.292272573397516666e+00 5.120582984349256739e-01
3.297373623721924218e+00 3.065539838021056340e-01
3.310069443373795384e+00 4.822620744617758248e-01
3.342105614174273320e+00 3.048415914304938301e-01
3.443628018995625872e+00 2.665960888531638817e-01
3.493942535030909458e+00 3.652810885315722622e-01
3.512930304108166091e+00 3.814132117602003769e-01
3.579042680432751311e+00 3.841785158754392748e-01
3.593149127849428748e+00 4.274582990992590315e-01
3.798837079373065251e+00 6.684761518004251890e-01
3.799131664903621086e+00 5.296838853355217980e-01
3.845904936949535724e+00 7.847440775291132375e-01
3.918411334716309646e+00 8.032736981640311580e-01
4.156997648064808537e+00 1.023776571741491059e+00
4.161070984387354343e+00 1.127988211705793553e+00
4.217569123304524936e+00 1.083512776973517999e+00
4.270894246386514048e+00 1.176304180024958956e+00
4.345017553252303877e+00 1.507191953277880136e+00
4.366870742616861811e+00 1.376301053672117414e+00
4.369281097110708778e+00 1.386914068995207305e+00
4.471075531690091864e+00 1.509474153474040570e+00
4.540824875497422752e+00 1.660214281694169403e+00
4.670345089130178984e+00 1.914315728375263204e+00
4.724427203314862211e+00 1.798001203588426744e+00
4.780690020702285103e+00 2.044858256736313606e+00
4.882136163354626746e+00 2.395889702959002499e+00
4.947590034063469311e+00 2.314909259762393035e+00
5.060458264213137269e+00 2.789918477820313214e+00
5.174604670860574629e+00 2.629627967791827725e+00
5.195577968808207103e+00 2.720980875493525186e+00
5.206140150952478507e+00 2.638821622670370903e+00
5.284533431236058121e+00 2.967811845858912001e+00
5.365687700655341175e+00 2.874017662112379412e+00
5.473562408736921014e+00 3.080611076988274633e+00
5.485412941460285907e+00 2.934403773313626562e+00
5.526959450199262491e+00 2.906516630888642538e+00
5.596183474406557501e+00 2.902279469207747375e+00
5.621644480612040695e+00 3.083380846984471013e+00
5.637334683079635589e+00 3.014814642177785942e+00
5.734858477842381674e+00 3.064796392539332892e+00
5.783147364993730832e+00 3.018973571538778433e+00
5.853588763085316060e+00 2.980265700002308726e+00
5.859947673295704540e+00 2.932212217673120236e+00
5.881889693990524748e+00 2.817141641217854264e+00
5.936944682463840550e+00 2.978012460369198422e+00
5.952776766315245993e+00 2.975795413427827718e+00
5.981439602871017058e+00 3.012069722017984397e+00
5.982761086945133755e+00 2.896064394890766724e+00
5.984061731836327169e+00 2.935170487872174938e+00
6.000457852886995624e+00 3.054386945361796002e+00
6.026694362644013481e+00 2.938219104165461726e+00
6.079172990304069657e+00 2.842629788851986028e+00
6.236927248663455714e+00 2.794112224119811749e+00
6.241929270641208838e+00 2.626276453766142716e+00
6.242260745653633869e+00 2.627678584215854318e+00
6.248034202195653641e+00 2.468555403860767328e+00
6.259594721214957858e+00 2.725429595454443188e+00
6.319041237136802103e+00 2.383410559132449702e+00
6.321281492118098200e+00 2.532314672746896367e+00
6.470224074037007611e+00 2.275185037188263593e+00
6.478540135725660676e+00 2.278416737226470090e+00
6.492447998080694838e+00 2.325338097781751490e+00
6.565703583278923006e+00 2.135765676153947190e+00
6.572922776516197274e+00 2.241814157414899089e+00
6.633359819560129544e+00 1.967107494804544165e+00
6.789279727046011459e+00 2.001913668598463314e+00
6.898622518270157045e+00 1.663250453540744189e+00
7.039389631952177595e+00 1.504443796897122709e+00
7.041094623859834201e+00 1.471794085603154167e+00
7.098809378883077059e+00 1.456111837813403032e+00
7.129484791362967755e+00 1.376227095164080261e+00
7.141604386165489871e+00 1.323864239283547128e+00
7.167825456378389859e+00 1.328050039283063866e+00
7.171790043258930325e+00 1.428323093992880377e+00
7.201853577775361614e+00 1.320580974586320622e+00
7.239673624654898276e+00 1.301689642216157017e+00
7.280777017894822123e+00 1.205503659151195839e+00
7.297829498763848122e+00 1.177063930552356696e+00
7.328675892893188326e+00 1.053950756739291172e+00
7.373847433887592118e+00 1.236999336534307492e+00
7.462211055805756388e+00 1.187371513399494427e+00
7.512109507494635352e+00 1.241114153033912704e+00
7.522099905233066153e+00 1.241608856500585834e+00
7.599364348649134016e+00 9.988399542797499198e-01
7.675550504318966460e+00 1.127935355731766398e+00
7.744124268735386174e+00 1.146151512145610285e+00
7.773695969400549188e+00 9.540463084982702124e-01
7.787282598984852200e+00 1.071846889033951644e+00
8.166666569203291814e+00 9.870409137351087159e-01
8.172424916151131313e+00 1.143130991098054494e+00
8.206952792475441072e+00 1.147223433714775309e+00
8.214868888324479812e+00 8.575848128021854588e-01
8.239825681508909483e+00 9.565025467035719320e-01
8.315189026649623116e+00 1.038417723070952592e+00
8.388218227637512570e+00 1.117252761732030475e+00
8.493893814644033924e+00 1.030725566857886744e+00
8.496566939041770183e+00 8.966569086296596325e-01
8.546497347207694162e+00 8.748956784283143939e-01
8.637546593825476293e+00 8.010948640696402556e-01
8.641648861303401929e+00 9.773548386033004132e-01
8.666444295092345484e+00 7.231240163242905750e-01
8.680116733682289976e+00 7.774575860214272272e-01
8.692290968517010441e+00 8.794284388893681692e-01
8.772861555666477074e+00 8.415031353871527120e-01
8.785533984269516594e+00 7.452465942496717677e-01
8.809466456347605501e+00 7.770686563788793411e-01
8.822830635743933669e+00 5.994078189306790705e-01
8.883807150536409125e+00 5.816276627797426491e-01
8.954031447008457434e+00 5.836070453455750595e-01
8.963079821103058009e+00 3.610359344117841651e-01
9.069556231957191628e+00 3.296725203884307565e-01
9.070159458626459781e+00 2.066977403937826363e-01
9.113936997659621397e+00 1.584438352979622433e-01
9.223058149387217242e+00 2.948880998519753938e-02
9.239366150529857435e+00 5.480693619285115226e-02
9.330513511028527773e+00 -2.627246796530431361e-01
9.398263298795603404e+00 -4.942273499019753658e-01
9.405335870643291685e+00 -3.257339980846043481e-01
9.425841047823023899e+00 -4.775618358143889353e-01
9.440660856882775676e+00 -4.757844619454607571e-01
9.488378847117386883e+00 -5.936985714732399000e-01
9.702700327726249796e+00 -1.141287864609118241e+00
9.802015624529779814e+00 -1.438152158646252676e+00
9.802866429219223576e+00 -1.467665864496116690e+00
9.916241951127599208e+00 -1.527665025254021591e+00
9.953242935823098492e+00 -1.850151250651665302e+00
9.958309913461068419e+00 -1.818477746162799669e+00
