7.403308835580713065e-02 2.019093944634386961e+00
9.193234226598345771e-02 1.806127160995737890e+00
1.030704983156405241e-01 1.958362853248044821e+00
1.037829540684409579e-01 1.997382676326437734e+00
1.532467886457311579e-01 1.985181127690545999e+00
1.941623955279814240e-01 1.785842682650616853e+00
2.511550759630787333e-01 1.717731263983778067e+00
4.420663051335127491e-01 1.540242747740901974e+00
4.433646990959938528e-01 1.909724074319833598e+00
4.714937978364130977e-01 1.829161129101014360e+00
4.877131289825920035e-01 1.904439822118949133e+00
7.254888272935056115e-01 1.597848517389296452e+00
7.568768443018880632e-01 1.615196572316827783e+00
7.571935622244629904e-01 1.639529016239790193e+00
7.586526037921292875e-01 1.464374598505525871e+00
7.836922816142366521e-01 1.567508457403008926e+00
8.189037793917508523e-01 1.645116655900177971e+00
8.827147425891523902e-01 1.527143435643792735e+00
1.032598315784722942e+00 1.437435114227196387e+00
1.032726323994166417e+00 1.318449438374982519e+00
1.106707965868267696e+00 9.928600375898130048e-01
1.166809608898404793e+00 9.668489420316598304e-01
1.230561016686297915e+00 8.883669823676021426e-01
1.414723439812943795e+00 7.611591786315705654e-01
1.464398086570888324e+00 4.077243150606293387e-01
1.695832271781572143e+00 2.146288940193274986e-01
1.768922746928955902e+00 -1.421763504455265670e-01
1.825267003160189194e+00 -1.147583112068616407e-01
1.896617891626521946e+00 -3.446390564158071657e-01
1.898043630916139701e+00 -3.759729405331321272e-01
1.910981339476451879e+00 -3.172056053221222749e-01
1.919965263953040679e+00 -2.248769047658660813e-01
2.055974327805087931e+00 -7.291054414028526054e-01
2.073770066120774747e+00 -6.113224097707077309e-01
2.110366668184198158e+00 -6.855897119785206995e-01
2.115656195727668720e+00 -7.210724630384497402e-01
2.139792283315462562e+00 -9.007467901163070945e-01
2.168332527626650741e+00 -9.073262508260506731e-01
2.185085402288529099e+00 -8.547222162782123211e-01
2.195510697743623396e+00 -1.086805238826107800e+00
2.244394522384431934e+00 -1.146216738857452677e+00
2.250454330881364040e+00 -1.014434700339295503e+00
2.271949059122353454e+00 -1.177564380010338585e+00
2.277721133095855777e+00 -1.143969751116589162e+00
2.304312185663424106e+00 -1.051782229499255816e+00
2.311556945235235805e+00 -1.252350399970526773e+00
2.406770296363018868e+00 -1.181286888279611036e+00
2.411601646449264003e+00 -1.270800007449100377e+00
2.441234518740025283e+00 -1.461384017517919354e+00
2.492405524825163088e+00 -1.625692307716323004e+00
2.550599946542178031e+00 -1.738044264955173279e+00
2.559887211232410031e+00 -1.728659947957259080e+00
2.594235322470717087e+00 -1.707746882784677567e+00
2.694606294022439119e+00 -1.956611906797002920e+00
2.717546787937188402e+00 -1.778088654114407419e+00
2.775013527908800626e+00 -2.011980692616432087e+00
2.784237976186805241e+00 -2.057124530368246607e+00
2.826468212664283719e+00 -2.009964392684388645e+00
2.918713944897686208e+00 -2.013175174263258427e+00
2.939800783862884792e+00 -2.549163113331408326e+00
3.063207556743163806e+00 -2.530834924424585353e+00
3.067985601818661312e+00 -2.513571978180797473e+00
3.123078048761462888e+00 -2.260417171716281537e+00
3.309838242913905049e+00 -2.436457313307957673e+00
3.339388020359033149e+00 -2.354739790680118627e+00
3.345243656069405436e+00 -2.520773002266942786e+00
3.363917709601731421e+00 -2.702628362144214424e+00
3.391968385721608747e+00 -2.533216016868326648e+00
3.416940630993556827e+00 -2.618215060512066650e+00
3.439122596882273619e+00 -2.574904565288957503e+00
3.460905130977125488e+00 -2.600440479986256381e+00
3.498470297030060738e+00 -2.551388069610263543e+00
3.643101703217461740e+00 -2.389382517561812413e+00
3.673602439082717108e+00 -2.532348315771362657e+00
3.750872307724957277e+00 -2.403317967339007932e+00
3.761602283026515003e+00 -2.391950667346530501e+00
3.765417140508120486e+00 -2.500476591452895914e+00
3.777781702988278756e+00 -2.384349638003042671e+00
3.877979867837066941e+00 -2.177201110349686886e+00
3.953103850368699934e+00 -2.275230054557880965e+00
3.968252630987756380e+00 -2.242076903027567347e+00
3.998126487436322041e+00 -2.343505010264455457e+00
4.090816938911434164e+00 -2.387446987466476322e+00
4.115262948970539014e+00 -2.270494509881393341e+00
4.135913423618690743e+00 -2.192409683175253754e+00
4.140564223072409789e+00 -2.121391447580604606e+00
4.380857594456912807e+00 -2.001402628941871154e+00
4.404980296209086710e+00 -2.022537734411340438e+00
4.418795203064127541e+00 -2.022332309133192396e+00
4.491089249489117918e+00 -1.780314034413873703e+00
4.647971183912309456e+00 -1.830081058574748898e+00
4.709362484609613375e+00 -1.590676908093131559e+00
4.712656821084221903e+00 -1.583729901273671192e+00
4.734270863225407133e+00 -1.883679711832119130e+00
4.779721786659390403e+00 -1.855866578508499343e+00
4.794331467097729949e+00 -1.798758415102746699e+00
4.814282622368093456e+00 -1.549123411490195945e+00
4.857461261932041197e+00 -1.600910073483541973e+00
4.973128234718233287e+00 -1.590473522486640867e+00
4.992222228789440663e+00 -1.264728123646956970e+00
5.051372469600947213e+00 -1.504240918982354014e+00
5.091895301322408862e+00 -1.499789512678942005e+00
5.141019539395184523e+00 -1.365661872604174265e+00
5.220395733650611270e+00 -1.267224060713354916e+00
5.239993034978311925e+00 -1.341939119680476189e+00
5.472683600259893311e+00 -1.168684815984049052e+00
5.545626666501799917e+00 -1.174069590556278353e+00
5.553538807652267373e+00 -9.224547684447168550e-01
5.560276253649576006e+00 -1.095192180929410064e+00
5.577057726588058983e+00 -9.269699429644012723e-01
5.716432146562667072e+00 -6.433448093404873225e-01
5.772066639086627760e+00 -7.416486147574402610e-01
5.819059058413118990e+00 -7.241062738430954493e-01
5.828210259311012997e+00 -7.702891958596064237e-01
5.933732342099746759e+00 -8.804899516508930546e-01
5.944147571026658916e+00 -6.640260339811424606e-01
5.946563717735166676e+00 -6.232166318697056617e-01
5.949601363291126432e+00 -5.380473962257299458e-01
6.116897751506897407e+00 -2.921093699833204327e-01
6.148004133836466600e+00 -5.122843195164354935e-01
6.204646040072527846e+00 -2.014711409812410259e-01
6.227834178687590594e+00 -3.588014433562942695e-01
6.246827628384394870e+00 -8.168523757934154084e-02
6.265607155172157050e+00 -2.782320548185615028e-01
6.266286837265669263e+00 -2.007219060284390899e-01
6.338885256037221083e+00 -2.605294131972279992e-02
6.346356228848318182e+00 5.394002930150876285e-02
6.376943659913305140e+00 -2.400632341223399302e-01
6.377561658648587262e+00 2.019802059018405704e-01
6.570438727696174652e+00 1.166732039890794326e-01
6.659772092917874531e+00 1.999677959575143493e-01
6.714012288255563732e+00 4.224973828462798564e-01
6.780177110090952475e+00 6.216547436926573855e-01
6.817864161603406359e+00 2.899567898280954736e-01
6.929136794500452723e+00 3.836880966943059246e-01
6.947648680779856534e+00 4.760322007299750413e-01
7.025428187333710994e+00 4.576535456606276586e-01
7.058069174942938062e+00 6.118379834475984325e-01
7.110409764900021301e+00 6.576902852695430957e-01
7.212792946973372032e+00 6.276764455925685215e-01
7.292389376398162426e+00 6.580494365418160241e-01
7.373358352957830597e+00 7.005150159908818397e-01
7.401812866169182215e+00 5.803048370951979784e-01
7.414787259260204877e+00 5.593770818367927999e-01
7.466322048173701376e+00 5.410734820066651629e-01
7.472272665249144907e+00 5.243822691979117545e-01
7.500562635218610552e+00 4.725655563270245718e-01
7.519052996668397881e+00 7.016650453864576864e-01
7.535439539534412035e+00 6.259464124104878735e-01
7.580095044618677669e+00 3.561362440502352511e-01
7.630603558271795706e+00 5.070801200318213464e-01
7.709592601588779459e+00 2.929587783259371969e-01
7.725943000139352534e+00 2.251600949521606054e-01
7.752363261690833340e+00 1.014009823744226324e-01
7.756859270145561425e+00 2.017775074067919006e-01
7.769189297759425017e+00 3.465610442991495788e-01
7.853693836604087153e+00 2.121835633010211719e-01
7.861454060009056555e+00 1.945869968331511712e-01
7.925034728730945943e+00 1.743969002903394960e-01
7.939057185500331570e+00 -9.555267235989095553e-02
7.981885807890172657e+00 6.121740185437518633e-02
7.983574678170171524e+00 4.081221528122858100e-02
8.054519857324365262e+00 -2.583264527208396499e-01
8.218495967550143888e+00 -2.579210898131684138e-01
8.461054907471307729e+00 -9.416876856766807080e-01
8.486229819471146740e+00 -1.114331866992835929e+00
8.513818226799765299e+00 -1.062594752516214935e+00
8.559615231629393861e+00 -1.202914003866963899e+00
8.565432468834337953e+00 -1.241543426060255140e+00
8.644113429085521716e+00 -1.353514684991513173e+00
8.671884785008565188e+00 -1.418710590186552878e+00
8.680778740132016225e+00 -1.570704222322717669e+00
8.818037318759408549e+00 -1.812909344210275275e+00
8.846222123499495993e+00 -2.009500164557304736e+00
8.876511767455440349e+00 -2.062968349467865892e+00
8.881578298429712248e+00 -2.099748883459258142e+00
8.891747134804479202e+00 -2.138214214300119931e+00
8.947050406611069207e+00 -2.089139915402345338e+00
9.023236105238012783e+00 -2.549442339760378484e+00
9.055091593207734491e+00 -2.364789462997574976e+00
9.057498177403067174e+00 -2.383073033849186118e+00
9.106994473412173718e+00 -2.605066630786963877e+00
9.172530429234884153e+00 -2.786338722510965482e+00
9.245041732212682106e+00 -2.852385824765879541e+00
9.316572319277289793e+00 -3.100199494510783804e+00
9.424657990745561875e+00 -3.161318345973319399e+00
9.466608775766239603e+00 -3.509488309343109513e+00
9.531824949824853732e+00 -3.337988897717165671e+00
9.551645938247828482e+00 -3.482972792327087230e+00
9.596503931693554534e+00 -3.503803314308520545e+00
9.596518644458809533e+00 -3.627780561509899471e+00
9.615418236150070186e+00 -3.636523216880995335e+00
9.668748952563960941e+00 -3.688538318462243559e+00
9.801728928745605529e+00 -3.939039613846366361e+00
9.853724687155157369e+00 -3.754281255849094556e+00
9.854678289615129927e+00 -3.855540928663343969e+00
9.888286875009894672e+00 -3.878600822098269063e+00
9.948363437156524824e+00 -3.875112220106731620e+00
9.985183159023097943e+00 -3.893202292437441425e+00
9.987182929039860824e+00 -4.260011953105832916e+00
