1.420091209885909755e-01 5.927722483655853969e-01
1.591298847548561213e-01 7.448093197475262883e-01
2.215039657883677293e-01 7.546078857924760630e-01
2.953719227205642284e-01 9.940102151872045599e-01
3.071325507775224395e-01 7.182638614522720566e-01
4.091557807767132182e-01 6.692080102709486722e-01
4.330190023379332231e-01 6.229920100725356846e-01
4.548688094245068037e-01 7.046734370023657323e-01
4.766148962347394047e-01 7.811715817744665502e-01
5.573173562586708485e-01 8.771409703330841356e-01
5.874664943272600581e-01 7.864847109565314964e-01
6.464766428586132818e-01 7.292787076132918322e-01
6.619153031206370663e-01 7.053495397205087336e-01
7.525842851103536901e-01 6.321754303972116906e-01
8.226552327311531521e-01 7.628219366116939515e-01
8.584565791679388269e-01 6.633785840458452654e-01
9.354133995436964000e-01 5.636138657469977886e-01
9.481275254913779094e-01 6.809551683724822668e-01
9.758508262819831636e-01 5.396859332993778624e-01
1.045611070615650728e+00 5.222386865279327051e-01
1.278687720917330850e+00 7.497716981066976372e-01
1.295241840129253141e+00 5.969567706050746825e-01
1.318623097464963756e+00 5.196365728917371474e-01
1.333861631220598642e+00 5.479931702857978593e-01
1.436510650547335732e+00 8.477160111680075438e-01
1.516423987209076785e+00 6.406250865431694086e-01
1.684657086226308831e+00 6.408472156905995476e-01
1.884377127685115116e+00 4.199551339176345044e-01
2.146256122886414097e+00 -1.243630098206804924e-01
2.301963452511339714e+00 -3.948969528204405721e-01
2.317030807921924840e+00 -5.198542595381925313e-01
2.324485931189848031e+00 -5.176903529378314994e-01
2.339261758248676326e+00 -4.714535389139532517e-01
2.346355851335679699e+00 -4.891678345344617762e-01
2.382862422350919829e+00 -6.018031257337460582e-01
2.590253393604609045e+00 -1.234243486415477431e+00
2.598900311861838119e+00 -1.440996419089758618e+00
2.636761078487139809e+00 -1.433785790530614390e+00
2.674799817254305268e+00 -1.523857538185323435e+00
2.694010916642233244e+00 -1.582875228988144478e+00
2.760735332311095025e+00 -1.871971635641043630e+00
2.856001899879352379e+00 -1.956488900144630838e+00
2.862718201449081512e+00 -2.187657953982567349e+00
2.869831629758683444e+00 -2.089347847143240067e+00
2.885030500591547753e+00 -1.938236827026845299e+00
2.911617943009217058e+00 -2.227321214269577965e+00
2.951168175513341208e+00 -2.364927710108608139e+00
2.963159102041796888e+00 -2.351217660229323769e+00
3.034689006459887484e+00 -2.514624529472433423e+00
3.041177770385212753e+00 -2.710167030916398545e+00
3.055338117658989994e+00 -2.503230664393116811e+00
3.070472257060896659e+00 -2.614226415738161613e+00
3.127361541576436643e+00 -2.494880478967813620e+00
3.128472642979782670e+00 -2.577603750821349404e+00
3.153101546910763719e+00 -2.584354296463701850e+00
3.159499867268771300e+00 -2.822792512765774475e+00
3.172654789602709080e+00 -2.770208227744878737e+00
3.304130108242455677e+00 -3.126219562811100694e+00
3.325848820271557482e+00 -3.133743743987043473e+00
3.370921140995790655e+00 -3.031669702685329426e+00
3.384164436006573684e+00 -3.054571482380489478e+00
3.450277520009989995e+00 -3.250753370167973610e+00
3.596742939757029411e+00 -3.222254114772536759e+00
3.604873941307127350e+00 -3.196369178799744581e+00
3.610460132951252010e+00 -2.857757818992343601e+00
3.630712152807205051e+00 -2.965123004840938492e+00
3.726285533355069290e+00 -3.034778479970235754e+00
3.793949389829280872e+00 -3.080698612363276467e+00
3.810599777157401835e+00 -2.975067771434268149e+00
3.869706881862058356e+00 -2.977959404613809369e+00
3.901728062390139584e+00 -3.049539406598998248e+00
4.052475623431863738e+00 -2.738845740801836293e+00
4.081903445734910818e+00 -2.608369766341408269e+00
4.152386837093398064e+00 -2.463432130926715757e+00
4.211506815600873921e+00 -2.441784899063317749e+00
4.287540754586178338e+00 -2.154854858299129372e+00
4.315234883486587236e+00 -2.386168672990292894e+00
4.339535867138302194e+00 -1.982045896068892032e+00
4.480319861213608590e+00 -1.571427040369314909e+00
4.555394229040247822e+00 -1.551599651806072622e+00
4.559582288306183173e+00 -1.417640118615753675e+00
4.632556420844609057e+00 -1.264142393425845778e+00
4.786543485738555148e+00 -9.810282959801586156e-01
4.894631477160626964e+00 -6.590434790470480753e-01
4.951319995181946432e+00 -2.913366783987387798e-01
4.953074213285459493e+00 -4.337558975708432074e-01
5.087011914394789613e+00 -5.087190917619777153e-03
5.141927836814430108e+00 2.067773152173960627e-01
5.206585627043354592e+00 4.080952927957213205e-01
5.304634394226910743e+00 6.077351928310339435e-01
5.385567631080245832e+00 7.815183252714775763e-01
5.404461890510050992e+00 7.931895066273472183e-01
5.517702833491786585e+00 1.327691020075798534e+00
5.528903490461962278e+00 1.244711861099889072e+00
5.567806854601959898e+00 1.546644225995781774e+00
5.583889140932900119e+00 1.372912434377344670e+00
5.591351330007164222e+00 1.565964141407144794e+00
5.595631307437489710e+00 1.616513418401864133e+00
5.627405965130718002e+00 1.684920985120183623e+00
5.701944070172395129e+00 1.908196730971432054e+00
5.717238744781587556e+00 1.959842606021929168e+00
5.722527614173486654e+00 1.956484586762192945e+00
5.726232547492589475e+00 2.111489819779801991e+00
5.748292511949961714e+00 2.089546473271924665e+00
5.773708314233729766e+00 1.902095616926401389e+00
5.841537023171943233e+00 2.421076170728134525e+00
5.863798468655128104e+00 2.358593455856325072e+00
5.900783027523297974e+00 2.110147930089473434e+00
5.962882851462156353e+00 2.569633331696181244e+00
5.968238495656423837e+00 2.636276273772863998e+00
5.991951807975612887e+00 2.760373979029723479e+00
6.081670819887980528e+00 2.850026108299496208e+00
6.084091155635547032e+00 2.794464253789274988e+00
6.141335831828877545e+00 2.750643109620211302e+00
6.196434932849763655e+00 2.943745623668244882e+00
6.209552388409846913e+00 3.067283887239740103e+00
6.210430311321985641e+00 2.966586369828450920e+00
6.214440715712870045e+00 2.974704667783411249e+00
6.215828792662760449e+00 3.159486978449823180e+00
6.314181785135466463e+00 2.991947008441017353e+00
6.363940111163048918e+00 3.073158243182614768e+00
6.372292779319992384e+00 3.058033582719855481e+00
6.374059340571092136e+00 3.107708525974009817e+00
6.375936073867327636e+00 3.050051027208257715e+00
6.392668335535754309e+00 2.949262227404621406e+00
6.444417473772736216e+00 2.914623213086977582e+00
6.474433056177848478e+00 3.157395065355767638e+00
6.486803995076810381e+00 2.998997239164904460e+00
6.524874287286836605e+00 3.139948809749983472e+00
6.552649378667981139e+00 3.084232659661767073e+00
6.555131843712118211e+00 3.104832364678935086e+00
6.561019020012228253e+00 3.004019312313372936e+00
6.578879638456001544e+00 2.841940628855751161e+00
6.603464448053664171e+00 3.026700450356516470e+00
6.780859986073053847e+00 2.944191456863741951e+00
6.799700969961566699e+00 2.710080235684566574e+00
6.810055042967439576e+00 2.849853656022293791e+00
6.815356915431795670e+00 2.883347334044022325e+00
6.906542741471879410e+00 2.707565146181242444e+00
6.908927542877528083e+00 2.507645359063837898e+00
6.956311768418008690e+00 2.599023836851998670e+00
6.984146010675056360e+00 2.566416505972085815e+00
7.026994746193313546e+00 2.352031786675494285e+00
7.104005660907799502e+00 2.503459742425443668e+00
7.148835161244471159e+00 2.108123462133859150e+00
7.169213925288793199e+00 2.305678064118536597e+00
7.468638774560067972e+00 2.036058822608127095e+00
7.468887199064409010e+00 1.978621710971841363e+00
7.528216160666114654e+00 1.911284717756804863e+00
7.574433479749471232e+00 1.848175114994055290e+00
7.587971003665503034e+00 1.844588691941536851e+00
7.668380104545427400e+00 1.975794380069540113e+00
7.702917354510940839e+00 2.222182539625901843e+00
7.784532578153706694e+00 2.004970025384422705e+00
7.813480119780324529e+00 1.990164617336190656e+00
7.828106301777326692e+00 2.202743288036566938e+00
7.892135908770896435e+00 2.292229559643839121e+00
7.946070915171330462e+00 2.191573863855224680e+00
8.089133709496316271e+00 2.519299865665891591e+00
8.096541125794519900e+00 2.610332294193267622e+00
8.136251770228387414e+00 2.717056918561255863e+00
8.168317598011212155e+00 2.682334570257317807e+00
8.261649121156963815e+00 2.847832973759985897e+00
8.269949884518414507e+00 2.926896058192451910e+00
8.392247656964610059e+00 2.932137255704359458e+00
8.416391849827654426e+00 3.124389653078399220e+00
8.520303803716718249e+00 3.341205899657677669e+00
8.649446764460099857e+00 3.365408103524432981e+00
8.671714739432756502e+00 3.516930344397516173e+00
8.693045854327168698e+00 3.287912763765032498e+00
8.779918690270138271e+00 3.570543906146832924e+00
8.841583731530466395e+00 3.402511039882352151e+00
8.883054921826351702e+00 3.715494317798468504e+00
8.908160661387089618e+00 3.659424986332050267e+00
8.940507926481732426e+00 3.528941674542343421e+00
8.950281064914399565e+00 3.580791500407578098e+00
9.015442439588891688e+00 3.558608627725292184e+00
9.038766630299960525e+00 3.417407492447122053e+00
9.040382770916867372e+00 3.435901967179312066e+00
9.041317307795850411e+00 3.666263420586798105e+00
9.074657745584227442e+00 3.764512208110114333e+00
9.084327554619902045e+00 3.571565588197761709e+00
9.160986508283974317e+00 3.628177534910747681e+00
9.191953616416544293e+00 3.318867239753976683e+00
9.208535694475576960e+00 3.358325872917877319e+00
9.274059312580885006e+00 3.710231921647675790e+00
9.367388976346113338e+00 3.270908367158893881e+00
9.417978650666942286e+00 3.120817001114803091e+00
9.507822887240900300e+00 2.800185918081679493e+00
9.538128685708986865e+00 2.932986651620341778e+00
9.549435114258216117e+00 2.941409520709374892e+00
9.573337621536779807e+00 2.698636769783409051e+00
9.588531274730216936e+00 2.882604956672814023e+00
9.664938080423667088e+00 2.834476004702170648e+00
9.729867930197414694e+00 2.469644171357148643e+00
9.774577258658894152e+00 2.402619887260912801e+00
9.786226029025328899e+00 2.242482890021410213e+00
9.903272289275479423e+00 1.840133509393486300e+00
9.959304030209729319e+00 1.687988281257761347e+00
9.981043000435507295e+00 1.584111698439571114e+00
